0 146 234 
0 145 234 
0 144 234 
0 143 234 
0 142 234 
0 141 234 
0 140 234 
0 139 234 
0 138 234 
0 137 234 
0 136 234 
0 135 234 
0 147 234 
0 134 234 
0 133 234 
0 132 234 
0 131 234 
0 130 234 
0 129 234 
0 128 234 
0 120 346 
0 121 346 
0 148 234 
0 119 346 
0 118 346 
0 122 346 
0 117 346 
0 126 346 
0 125 346 
0 128 346 
0 129 346 
0 127 346 
0 116 346 
0 123 346 
0 82 402 
0 124 346 
0 130 346 
0 83 402 
0 131 346 
0 84 402 
0 115 346 
0 127 234 
0 85 402 
0 132 346 
0 86 402 
0 149 234 
0 87 402 
0 114 346 
0 133 346 
0 88 402 
0 81 402 
0 89 402 
0 90 402 
0 113 346 
0 134 346 
0 91 402 
0 92 402 
0 135 346 
0 108 346 
0 93 402 
0 136 346 
0 112 346 
0 126 234 
0 107 346 
0 94 402 
0 109 346 
0 150 234 
0 137 346 
0 95 402 
0 111 346 
0 110 346 
0 106 346 
0 80 402 
0 96 402 
0 97 402 
0 138 346 
0 105 346 
0 98 402 
0 99 402 
0 100 402 
0 125 234 
0 151 234 
0 79 402 
36 147 234 
0 139 346 
0 104 346 
36 148 234 
0 140 346 
36 146 234 
0 78 402 
0 152 234 
0 164 234 
0 163 234 
0 141 346 
0 162 234 
0 103 346 
36 166 234 
0 161 234 
36 167 234 
36 145 234 
36 165 234 
0 160 234 
0 101 402 
0 153 234 
0 142 346 
36 149 234 
36 164 234 
0 159 234 
0 77 402 
0 102 346 
36 168 234 
36 144 234 
36 163 234 
0 154 234 
0 124 234 
0 158 234 
0 143 346 
0 155 234 
0 157 234 
36 162 234 
0 156 234 
36 150 234 
0 101 346 
36 143 234 
0 146 290 
0 165 234 
36 161 234 
0 144 346 
0 76 402 
36 151 234 
36 160 234 
0 145 290 
36 155 234 
0 100 346 
36 154 234 
0 147 290 
36 142 234 
36 159 234 
36 152 234 
0 144 290 
36 156 234 
36 158 234 
36 153 234 
36 157 234 
0 143 290 
0 145 346 
0 123 234 
0 99 346 
0 142 290 
0 141 290 
0 117 290 
0 118 290 
0 73 290 
0 116 290 
0 148 290 
0 98 346 
0 119 290 
36 141 234 
20 184 234 
0 102 402 
0 140 290 
0 115 290 
0 120 290 
0 146 346 
26 153 234 
0 121 290 
0 123 290 
0 122 290 
26 154 234 
20 183 234 
0 114 290 
0 126 290 
0 124 290 
0 125 290 
0 74 290 
0 97 346 
0 127 290 
0 75 402 
0 139 290 
20 185 234 
0 128 290 
0 129 290 
0 113 290 
26 152 234 
0 130 290 
0 149 290 
0 131 290 
0 147 346 
0 138 290 
36 140 234 
0 96 346 
0 75 290 
0 122 234 
0 72 290 
0 132 290 
26 151 234 
0 112 290 
0 137 290 
20 182 234 
0 77 290 
