36 22 10 
24 22 10 
40 22 10 
27 22 10 
34 22 10 
52 22 10 
36 23 10 
34 23 10 
40 23 10 
24 23 10 
52 23 10 
27 23 10 
40 0 111 
34 0 111 
27 0 111 
52 0 111 
24 0 111 
36 0 111 
40 1 111 
52 1 111 
27 1 111 
34 1 111 
24 1 111 
36 1 111 
40 2 111 
27 2 111 
52 2 111 
34 2 111 
24 2 111 
36 2 111 
40 0 212 
34 0 212 
12 0 313 
52 0 212 
27 0 212 
24 0 212 
36 0 212 
12 1 313 
40 1 212 
34 1 212 
40 3 111 
27 3 111 
52 3 111 
24 3 111 
34 3 111 
36 3 111 
27 1 212 
52 1 212 
40 2 212 
34 2 212 
24 1 212 
36 1 212 
34 24 212 
34 23 212 
34 25 212 
40 24 212 
24 1 10 
40 23 212 
34 22 212 
40 25 212 
36 21 10 
40 22 212 
34 26 212 
34 21 212 
40 21 212 
40 26 212 
34 20 212 
40 20 212 
40 3 212 
27 2 212 
34 19 212 
34 27 212 
40 19 212 
34 3 212 
34 18 212 
40 18 212 
40 27 212 
52 1 10 
34 17 212 
52 2 212 
40 17 212 
34 16 212 
40 16 212 
34 15 212 
34 28 212 
40 15 212 
40 4 212 
34 14 212 
40 14 212 
34 4 212 
40 13 212 
40 24 10 
34 13 212 
40 28 212 
24 2 212 
36 2 212 
40 12 212 
27 3 212 
34 12 212 
40 5 212 
40 11 212 
40 4 111 
34 11 212 
27 4 111 
52 4 111 
24 4 111 
34 4 111 
36 4 111 
34 5 212 
40 10 212 
27 23 212 
36 20 10 
27 24 212 
27 22 212 
34 10 212 
40 6 212 
40 9 212 
34 29 212 
40 8 212 
40 7 212 
27 21 212 
34 9 212 
36 24 10 
34 6 212 
34 8 212 
27 25 212 
52 24 10 
34 7 212 
27 20 212 
52 3 212 
40 1 10 
27 4 212 
27 19 212 
40 29 212 
27 18 212 
27 26 212 
27 17 212 
24 20 10 
27 16 212 
27 5 212 
27 15 212 
24 3 212 
27 14 212 
34 30 212 
36 3 212 
27 13 212 
27 6 212 
34 24 10 
27 12 212 
52 4 212 
52 20 10 
27 11 212 
27 7 212 
27 10 212 
27 27 212 
27 9 212 
27 8 212 
40 30 212 
27 20 10 
34 49 111 
40 49 111 
24 49 111 
34 48 111 
40 48 111 
52 49 111 
36 49 111 
24 48 111 
27 49 111 
40 50 111 
24 50 111 
34 50 111 
52 48 111 
36 48 111 
52 50 111 
27 1 10 
27 48 111 
36 50 111 
34 47 111 
27 50 111 
40 47 111 
24 47 111 
52 47 111 
36 47 111 
27 47 111 
40 51 111 
34 51 111 
24 51 111 
52 51 111 
36 51 111 
34 46 111 
27 51 111 
40 46 111 
24 46 111 
27 46 111 
52 46 111 
36 46 111 
40 52 111 
34 52 111 
34 45 111 
24 52 111 
